270 210
1000 800
260 100
260 120
260 140
260 160
260 180
300 180
300 140
300 120
300 100
300 160
300 220
300 200
260 220
220 140
220 160
220 180
220 120
220 100
220 200
220 220
220 260
260 260
240 260
280 260
320 260
300 260
220 240
260 240
220 80
220 60
240 60
260 60
280 60
300 60
340 260
340 220
340 240
380 180
380 220
380 240
380 260
380 280
340 300
320 300
280 300
300 300
320 60
340 60
360 60
360 80
360 100
320 120
420 180
420 160
400 160
380 160
380 140
380 120
360 120
400 220
420 220
440 180
440 200
440 220
400 280
380 320
340 320
340 340
380 340
400 320
420 320
420 280
420 260
420 240
460 280
460 260
480 260
480 240
480 220
480 200
480 180
480 160
420 140
420 120
460 120
460 100
460 80
500 160
500 120
440 80
420 80
400 80
380 80
520 160
520 180
520 200
520 240
520 260
520 280
520 300
500 300
480 300
460 300
340 360
340 380
360 380
380 380
380 360
420 340
460 340
460 320
260 300
260 320
240 320
220 320
180 260
160 260
180 220
180 180
180 160
180 140
180 100
180 80
180 60
160 180
140 180
120 180
100 180
160 220
140 220
120 220
100 220
160 140
140 140
120 140
100 140
140 100
100 100
120 100
160 100
80 100
80 120
80 140
80 180
60 180
60 200
60 220
60 240
60 260
100 260
120 260
140 260
60 300
80 300
100 300
120 300
120 340
100 340
200 320
180 320
180 340
180 360
160 360
160 380
140 380
100 380
120 380
80 380
60 380
40 380
40 360
40 340
60 340
80 340
180 40
160 40
140 40
140 60
120 60
80 60
100 60
60 60
40 60
40 80
40 100
40 120
20 140
0 140
40 140
0 120
0 100
0 60
0 80
0 40
0 20
20 20
60 20
40 20
80 20
80 0
100 0
120 0
140 0
160 0
180 0
220 0
200 0
240 0
240 20
260 20
280 20
300 20
320 20
360 20
360 0
320 0
380 20
400 40
400 20
480 40
460 20
440 20
420 20
480 20
500 40
520 40
560 40
540 40
120 320
500 100
500 80
520 80
540 80
540 100
540 120
540 160
580 160
560 160
580 140
580 120
580 100
580 60
580 40
580 80
540 240
560 260
560 240
560 280
560 300
420 360
420 380
460 380
440 380
480 380
500 380
540 380
520 380
560 380
580 380
480 340
500 340
520 340
540 340
560 340
560 320
40 260
20 260
20 240
20 220
20 200
20 180
20 160
40 300
20 300
20 320
20 340
40 320
60 320
80 320
100 320
480 320
500 320
520 320
540 320
540 300
540 280
540 260
180 380
200 380
220 380
240 380
260 380
280 380
300 380
320 380
200 340
200 360
220 340
220 360
240 340
240 360
260 340
260 360
280 320
280 360
280 340
300 320
300 340
300 360
320 360
320 340
320 320
400 340
400 360
400 380
260 0
280 0
300 0
0 0
20 0
40 0
60 0
380 0
400 0
420 0
440 0
460 0
480 0
500 0
500 20
520 0
520 20
540 0
540 20
560 0
560 20
580 0
580 20
420 40
440 40
460 40
400 240
400 260
320 100
320 160
340 120
320 140
340 200
